Date	ASN	ASN_Equity_2	ASN_Imbang_1	ASN_Imbang_2	ASN_Equity_3	ASN_Sara_1	ASB	ASM_2_Wawasan	ASM	ASB_3_Didik	ASM_3	ASB_2	ASN_Sara_2*_	ASN_Equity_5*
12_JUN_2019	0.6688	0.5758	0.9821	0.9243	0.9306	1.1093	1	1	1	1	1	1	1.0249	0.9773
13_JUN_2019	0.669	0.5761	0.9824	0.9245	0.9311	1.1096	1	1	1	1	1	1	1.0246	0.9763
14_JUN_2019	0.6684	0.5753	0.982	0.9255	0.9302	1.1093	1	1	1	1	1	1	1.0256	0.978
17_JUN_2019	0.667	0.574	0.9818	0.9245	0.927	1.1089	1	1	1	1	1	1	1.025	0.9737
18_JUN_2019	0.6656	0.5737	0.9804	0.9236	0.9269	1.1089	1	1	1	1	1	1	1.0248	0.9726
19_JUN_2019	0.6689	0.5762	0.9849	0.9263	0.9313	1.1108	1	1	1	1	1	1	1.0244	0.9716
20_JUN_2019	0.6729	0.5795	0.9895	0.9292	0.9372	1.1137	1	1	1	1	1	1	1.0249	0.9736
21_JUN_2019	0.6775	0.5828	0.993	0.9324	0.9418	1.1163	1	1	1	1	1	1	1.0262	0.9797
24_JUN_2019	0.6799	0.5854	0.9952	0.9356	0.9463	1.118	1	1	1	1	1	1	1.0272	0.9836
25_JUN_2019	0.678	0.5838	0.9936	0.9337	0.9432	1.1171	1	1	1	1	1	1	1.0272	0.9823
26_JUN_2019	0.68	0.5846	0.995	0.9341	0.9444	1.1178	1	1	1	1	1	1	1.0272	0.9836
27_JUN_2019	0.6784	Suspended	0.9933	0.9339	0.9428	1.1172	1	1	1	Suspended	1	1	1.0275	0.9824
28_JUN_2019	0.6791	Suspended	0.9938	0.9342	0.9432	1.1174	1	1	1	Suspended	1	1	1.0275	0.9813
1_JULAI_2019	0.6783	0.5555	0.9934	0.9343	0.943	1.1177	1	1	1	1	1	1	1.0274	0.9807
2_JULAI_2019	0.6832	0.5594	0.998	0.9374	0.9493	1.1206	1	1	1	1	1	1	1.0305	0.9902
3_JULAI_2019	0.6871	0.5622	1.0017	0.9403	0.9537	1.1237	1	1	1	1	1	1	1.0315	0.9936
4_JULAI_2019	0.6869	0.5616	1.0015	0.9404	0.9528	1.1238	1	1	1	1	1	1	1.0312	0.9921
5_JULAI_2019	0.686	0.5615	1.0023	0.9409	0.9521	1.1245	1	1	1	1	1	1	1.0314	0.9911
9_JULAI_2019	0.6824	0.5595	0.9994	0.9383	0.9488	1.1236	1	1	1	1	1	1	1.0314	0.9873
10_JULAI_2019	0.6838	0.5607	1.0007	0.9393	0.9503	1.1238	1	1	1	1	1	1	1.0319	0.989
11_JULAI_2019	0.6821	0.5602	0.999	0.9387	0.9492	1.1236	1	1	1	1	1	1	1.0316	0.9872
12_JULAI_2019	0.682	0.5606	0.9995	0.9401	0.9504	1.125	1	1	1	1	1	1	1.0321	0.9874
15_JULAI_2019	0.6797	0.5579	0.9973	0.9377	0.945	1.1233	1	1	1	1	1	1	1.0308	0.9832
16_JULAI_2019	0.6808	0.5592	0.9468	0.9986	0.9385	1.1243	1	1	1	1	1	1	1.0316	0.985
17_JULAI_2019	0.6804	0.5586	0.9467	0.9976	0.9392	1.1244	1	1	1	1	1	1	1.0316	0.9849
18_JULAI_2019	0.6768	0.5558	0.9429	0.9944	0.9377	1.1221	1	1	1	1	1	1	1.0304	0.9794
19_JULAI_2019	0.6745	0.554	0.9402	0.9919	0.9365	1.1205	1	1	1	1	1	1	1.0295	0.9753
22_JULAI_2019	0.6765	0.5556	0.9432	NA	NA	NA	NA	NA	NA	NA	NA	NA	NA	NA
23_JULAI_2019	0.6762	0.5551	0.9436	0.9949	0.9379	1.1219	1	1	1	1	1	1	1.0298	0.9781
24_JULAI_2019	0.6761	0.5553	0.9442	0.9957	0.938	1.123	1	1	1	1	1	1	1.03	0.9794
25_JULAI_2019	0.6747	0.5545	0.9429	0.9942	0.9373	1.1229	1	1	1	1	1	1	1.0292	0.9776
26_JULAI_2019	0.6753	0.5549	0.9434	0.9947	0.9374	1.1238	1	1	1	1	1	1	1.0297	0.9782
29_JULAI_2019	0.6708	0.5524	0.9385	0.9914	0.9345	1.1224	1	1	1	1	1	1	1.0284	0.9736
30_JULAI_2019	NA	NA	NA	NA	NA	NA	NA	NA	NA	NA	NA	NA	NA	NA
31_JULAI_2019	0.6688	0.5515	0.9363	0.9906	0.9342	1.1228	1	1	1	1	1	1	1.0269	0.9689
1_OGOS_2019	0.6666	0.5495	0.9321	0.9888	0.9317	1.1211	1	1	1	1	1	1	1.0252	0.9644
2_OGOS_2019	0.6676	0.5504	0.9341	0.9895	0.9322	1.122	1	1	1	1	1	1	1.0254	NA
5_OGOS_2019	0.6618	0.5467	0.9281	0.9846	0.929	1.1188	1	1	1	1	1	1	1.0248	0.9598
6_OGOS_2019	0.6553	0.5416	0.9202	0.979	0.9241	1.1151	1	1	1	1	1	1	1.0223	0.9497
7_OGOS_2019	0.6539	0.5402	0.9191	0.9764	0.9218	1.1136	1	1	1	1	1	1	1.023	0.9526
8_OGOS_2019	0.6549	0.5413	0.9208	0.9786	0.9237	1.1156	1	1	1	1	1	1	1.0231	0.9522
9_OGOS_2019	0.6584	0.5442	0.9259	0.9828	0.9272	1.1182	1	1	1	1	1	1	1.0248	0.9559
12_OGOS_2019	NA	NA	NA	NA	NA	NA	NA	NA	NA	NA	NA	NA	NA	NA
13_OGOS_2019	0.6593	0.5454	0.9272	0.9846	0.9288	1.1208	1	1	1	1	1	1	1.0255	0.9576
14_OGOS_2019	0.6513	0.5399	0.9185	0.9782	0.9235	1.1162	1	1	1	1	1	1	1.0233	0.9474
15_OGOS_2019	0.6537	0.5427	0.9233	0.9812	0.9265	1.1184	1	1	1	1	1	1	1.0247	0.9521
16_OGOS_2019	0.6519	0.5401	0.9216	0.9789	0.9249	1.1168	1	1	1	1	1	1	1.0248	0.9493
19_OGOS_2019	0.6515	0.5406	0.9216	0.98	0.9267	1.1196	1	1	1	1	1	1	1.0267	0.9506
20_OGOS_2019	0.6514	0.5407	0.9218	0.9799	0.9274	1.1201	1	1	1	1	1	1	1.0262	0.9503
21_OGOS_2019	0.6544	0.5426	0.9256	0.9821	0.9293	1.1222	1	1	1	1	1	1	NA	NA
22_OGOS_2019	0.6515	0.541	0.9231	0.9807	0.9288	1.1208	1	1	1	1	1	1	1.0259	0.9543
23_OGOS_2019	0.6539	0.5426	0.9251	0.9828	0.9306	1.122	1	1	1	1	1	1	1.0256	0.9526