Date	ASN	ASN_Equity_2	ASN_Imbang_1	ASN_Imbang_2	ASN_Equity_3	ASN_Sara_1	ASB	ASM_2_Wawasan	ASM	ASB_3_Didik	ASM_3	ASB_2	ASN_Sara_2*_	ASN_Equity_5*
22_OKTOBER_2018	0.6891	0.5831	0.9994	0.9546	0.9866	1.1323	1.0000	1.0000	1.0000	1.0000	1.0000	1.0000	0.9987	1.0007
23_OKTOBER_2018	0.6852	0.5804	0.9948	0.9522	0.9818	1.1305	1.0000	1.0000	1.0000	1.0000	1.0000	1.0000	0.9979	0.9999
24_OKTOBER_2018	0.6782	0.5743	0.9877	0.9473	0.9712	1.1258	1.0000	1.0000	1.0000	1.0000	1.0000	1.0000	0.9971	0.9995
25_OKTOBER_2018	0.6749	0.5710	0.9858	0.9444	0.9648	1.1239	1.0000	1.0000	1.0000	1.0000	1.0000	1.0000	0.9964	0.9955
26_OKTOBER_2018	0.6720	0.5681	0.9844	0.9424	0.9591	1.1220	1.0000	1.0000	1.0000	1.0000	1.0000	1.0000	0.9970	0.9922
29_OKTOBER_2018	0.6713	0.5678	0.9837	0.9421	0.9598	1.1224	1.0000	1.0000	1.0000	1.0000	1.0000	1.0000	0.9963	0.9927
30_OKTOBER_2018	0.6697	0.5664	0.9826	0.9401	0.9580	1.1211	1.0000	1.0000	1.0000	1.0000	1.0000	1.0000	0.9963	0.9913
31_OKTOBER_2018	0.6704	0.5673	0.9833	0.9403	0.9602	1.1228	1.0000	1.0000	1.0000	1.0000	1.0000	1.0000	0.9962	0.9917
1_NOVEMBER_2018	0.6797	0.5743	0.9919	0.9472	0.9725	1.1276	1.0000	1.0000	1.0000	1.0000	1.0000	1.0000	0.9974	0.9958
2_NOVEMBER_2018	0.6800	0.5739	0.9920	0.9469	0.9710	1.1268	1.0000	1.0000	1.0000	1.0000	1.0000	1.0000	0.9973	0.9952
5_NOVEMBER_2018	0.6832	0.5760	0.9965	0.9494	0.9741	1.1282	1.0000	1.0000	1.0000	1.0000	1.0000	1.0000	0.9972	0.9952
6_NOVEMBER_2018	NA	NA	NA	NA	NA	NA	NA	NA	NA	NA	NA	NA	NA	NA
7_NOVEMBER_2018	0.6852	0.5770	0.9991	0.9508	0.9769	1.1296	1.0000	1.0000	1.0000	1.0000	1.0000	1.0000	0.9975	0.9955
9_NOVEMBER_2018	0.6894	0.5803	1.0032	0.9544	0.9834	1.1313	1.0000	1.0000	1.0000	1.0000	1.0000	1.0000	0.9980	0.9964
13_NOVEMBER_2018	0.6799	0.5738	0.9958	0.9477	0.9722	1.1270	1.0000	1.0000	1.0000	1.0000	1.0000	1.0000	0.9978	0.9936
14_NOVEMBER_2018	0.6771	0.5715	0.9932	0.9454	0.9676	1.1248	1.0000	1.0000	1.0000	1.0000	1.0000	1.0000	0.9974	0.9910
16_NOVEMBER_2018	0.6797	0.5731	0.9966	0.9468	0.9700	1.1263	1.0000	1.0000	1.0000	1.0000	1.0000	1.0000	0.9980	0.9913
26_NOVEMBER_2018	0.6811	0.5734	0.9966	0.9472	0.9697	1.1267	1.0000	1.0000	1.0000	1.0000	1.0000	1.0000	0.9984	0.9887
27_NOVEMBER_2018	0.6834	0.5753	0.9971	0.9483	0.9734	1.1280	1.0000	1.0000	1.0000	1.0000	1.0000	1.0000	0.9994	0.9930
28_NOVEMBER_2018	0.6790	0.5722	0.9947	0.9450	0.9677	1.1259	1.0000	1.0000	1.0000	1.0000	1.0000	1.0000	0.9990	0.9899
29_NOVEMBER_2018	0.6795	0.5728	0.9944	0.9450	0.9682	1.1268	1.0000	1.0000	1.0000	1.0000	1.0000	1.0000	1.0001	0.9929
30_NOVEMBER_2018	0.6817	0.5755	Suspended	0.9464	0.9724	1.1287	1.0000	1.0000	1.0000	1.0000	1.0000	1.0000	1.0009	0.9956
3_DISEMBER_2018	0.6759	0.5704	0.9449	0.9425	0.9668	1.1260	1.0000	1.0000	1.0000	1.0000	1.0000	1.0000	0.9989	0.9837
4_DISEMBER_2018	0.6828	0.5767	0.9510	0.9479	0.9770	1.1304	1.0000	1.0000	1.0000	1.0000	1.0000	1.0000	1.0020	0.9953
5_DISEMBER_2018	0.6816	0.5749	0.9501	0.9472	0.9730	1.1299	1.0000	1.0000	1.0000	1.0000	1.0000	1.0000	1.0020	0.9911
6_DISEMBER_2018	0.6794	0.5735	0.9481	0.9460	0.9712	1.1289	1.0000	1.0000	1.0000	1.0000	1.0000	1.0000	1.0014	0.9878
7_DISEMBER_2018	0.6785	0.5721	0.9483	0.9454	0.9692	1.1277	1.0000	1.0000	1.0000	1.0000	1.0000	1.0000	1.0009	0.9851
10_DISEMBER_2018	0.6780	0.5719	0.9483	0.9460	0.9695	1.1279	1.0000	1.0000	1.0000	1.0000	1.0000	1.0000	1.0019	0.9865
12_DISEMBER_2018	0.6683	0.5645	0.9382	0.9383	0.9564	1.1229	1.0000	1.0000	1.0000	1.0000	1.0000	1.0000	0.9994	0.9744
13_DISEMBER_2018	0.6708	0.5670	0.9416	0.9404	0.9605	1.1247	1.0000	1.0000	1.0000	1.0000	1.0000	1.0000	1.0002	0.9778
14_DISEMBER_2018	0.6762	0.5700	0.9458	0.9433	0.9652	1.1268	1.0000	1.0000	1.0000	1.0000	1.0000	1.0000	1.0036	0.9858
17_DISEMBER_2018	0.6725	0.5665	0.9431	0.9402	0.9603	1.1244	1.0000	1.0000	1.0000	1.0000	1.0000	1.0000	1.0029	0.9803
18_DISEMBER_2018	0.6648	0.5601	0.9371	0.9340	0.9496	1.1195	1.0000	1.0000	1.0000	1.0000	1.0000	1.0000	0.9998	0.9694
19_DISEMBER_2018	0.6632	0.5557	0.9327	0.9291	0.9420	1.1155	1.0000	1.0000	1.0000	1.0000	1.0000	1.0000	0.9980	0.9628
20_DISEMBER_2018	0.6673	0.5592	0.9375	0.9320	0.9459	1.1174	1.0000	1.0000	1.0000	1.0000	1.0000	1.0000	0.9995	0.9644
21_DISEMBER_2018	Suspended	0.5589	0.9356	0.9318	0.9454	1.1174	Suspended	1.0000	1.0000	1.0000	1.0000	1.0000	0.9990	0.9669
24_DISEMBER_2018	Suspended	0.5628	0.9391	0.9351	0.9519	1.1205	Suspended	1.0000	1.0000	1.0000	1.0000	1.0000	0.9996	0.9688
25_DISEMBER_2018	NA	NA	NA	NA	NA	NA	NA	NA	NA	NA	NA	NA	NA	NA
26_DISEMBER_2018	Suspended	0.5670	0.9423	0.9387	0.9583	1.1234	Suspended	1.0000	1.0000	1.0000	1.0000	1.0000	1.0021	0.9760
27_DISEMBER_2018	Suspended	0.5646	0.9404	0.9365	0.9550	1.1226	Suspended	1.0000	1.0000	1.0000	1.0000	1.0000	1.0020	0.9735
28_DISEMBER_2018	Suspended	0.5705	0.9487	0.9429	0.9648	1.1266	Suspended	1.0000	1.0000	1.0000	1.0000	1.0000	1.0057	0.9845
31_DISEMBER_2018	Suspended	0.5702	0.9489	0.9437	0.9653	1.1270	Suspended	1.0000	1.0000	1.0000	1.0000	1.0000	1.0047	0.9822
1_JANUARI_2019	NA	NA	NA	NA	NA	NA	NA	NA	NA	NA	NA	NA	NA	NA
2_JANUARI_2019	0.6489	0.5698	0.9479	0.9429	0.9634	1.1267	1.0000	1.0000	1.0000	1.0000	1.0000	1.0000	1.0045	0.9814
3_JANUARI_2019	0.6431	0.5650	0.9418	0.9388	0.9556	1.1238	1.0000	1.0000	1.0000	1.0000	1.0000	1.0000	1.0028	0.9734
4_JANUARI_2019	0.6454	0.5656	0.9449	0.9401	0.9556	1.1237	1.0000	1.0000	1.0000	1.0000	1.0000	1.0000	1.0034	0.9706
7_JANUARI_2019	0.6433	0.5645	0.9442	0.9403	0.9530	1.1226	1.0000	1.0000	1.0000	1.0000	1.0000	1.0000	1.0028	0.9674
8_JANUARI_2019	0.6484	0.5677	0.9491	0.9440	0.9592	1.1251	1.0000	1.0000	1.0000	1.0000	1.0000	1.0000	1.0032	0.9692
9_JANUARI_2019	0.6472	0.5664	0.9470	0.9428	0.9565	1.1247	1.0000	1.0000	1.0000	1.0000	1.0000	1.0000	1.0028	0.9665
10_JANUARI_2019	0.6478	0.5665	0.9486	0.9448	0.9567	1.1256	1.0000	1.0000	1.0000	1.0000	1.0000	1.0000	1.0021	0.9648
11_JANUARI_2019	0.6524	0.5687	0.9531	0.9474	0.9609	1.1279	1.0000	1.0000	1.0000	1.0000	1.0000	1.0000	1.0029	0.9674
14_JANUARI_2019	0.6538	0.5703	0.9553	0.9497	0.9637	1.1293	1.0000	1.0000	1.0000	1.0000	1.0000	1.0000	1.0035	0.9692
15_JANUARI_2019	0.6519	0.5682	0.9537	0.9486	0.9594	1.1276	1.0000	1.0000	1.0000	1.0000	1.0000	1.0000	1.0020	0.9639
16_JANUARI_2019	0.6530	0.5694	0.9551	0.9504	0.9617	1.1284	1.0000	1.0000	1.0000	1.0000	1.0000	1.0000	1.0022	0.9645
17_JANUARI_2019	0.6526	0.5689	0.9557	0.9500	0.9602	1.1282	1.0000	1.0000	1.0000	1.0000	1.0000	1.0000	1.0017	0.9630
18_JANUARI_2019	0.6535	0.5703	0.9570	0.9517	0.9623	1.1296	1.0000	1.0000	1.0000	1.0000	1.0000	1.0000	1.0018	0.9664
20_JANUARI_2019	NA	NA	NA	NA	NA	NA	NA	NA	NA	NA	NA	NA	NA	NA
21_JANUARI_2019	NA	NA	NA	NA	NA	NA	NA	NA	NA	NA	NA	NA	NA	NA
22_JANUARI_2019	0.6557	0.5723	0.9599	0.9538	0.9672	1.1320	1.0000	1.0000	1.0000	1.0000	1.0000	1.0000	1.0038	0.9732
23_JANUARI_2019	0.6581	0.5743	0.9619	0.9557	0.9710	1.1334	1.0000	1.0000	1.0000	1.0000	1.0000	1.0000	1.0057	0.9769
24_JANUARI_2019	0.6539	0.5717	0.9578	0.9538	0.9656	1.1319	1.0000	1.0000	1.0000	1.0000	1.0000	1.0000	1.0042	0.9706
25_JANUARI_2019	0.6569	0.5738	0.9618	0.9570	0.9702	1.1342	1.0000	1.0000	1.0000	1.0000	1.0000	1.0000	1.0053	0.9739
28_JANUARI_2019	0.6596	0.5765	0.9650	0.9589	0.9740	1.1369	1.0000	1.0000	1.0000	1.0000	1.0000	1.0000	1.0069	0.9810
29_JANUARI_2019	0.6594	0.5759	0.9653	0.9583	0.9731	1.1359	1.0000	1.0000	1.0000	1.0000	1.0000	1.0000	1.0074	0.9811
30_JANUARI_2019	0.6551	0.5729	0.9618	0.9554	0.9687	1.1340	1.0000	1.0000	1.0000	1.0000	1.0000	1.0000	1.0061	0.9764
31_JANUARI_2019	0.6532	0.5707	0.9592	0.9529	0.9650	1.1323	1.0000	1.0000	1.0000	1.0000	1.0000	1.0000	1.0052	0.9715
1_FEBRUARI_2019	NA	NA	NA	NA	NA	NA	NA	NA	NA	NA	NA	NA	NA	NA
4_FEBRUARI_2019	0.6528	0.5702	0.9596	0.9526	0.9646	1.1322	1.0000	1.0000	1.0000	1.0000	1.0000	1.0000	1.0055	0.9718
7_FEBRUARI_2019	0.6545	0.5716	0.9622	0.9541	0.9673	1.1334	1.0000	1.0000	1.0000	1.0000	1.0000	1.0000	1.0066	0.9756
8_FEBRUARI_2019	0.6570	0.5734	0.9648	0.9564	0.9708	1.1353	1.0000	1.0000	1.0000	1.0000	1.0000	1.0000	1.0063	0.9740
11_FEBRUARI_2019	0.6551	0.5725	0.9643	0.9579	0.9695	1.1347	1.0000	1.0000	1.0000	1.0000	1.0000	1.0000	1.0058	0.9721
12_FEBRUARI_2019	0.6558	0.5732	0.9652	0.9570	0.9705	1.1362	1.0000	1.0000	1.0000	1.0000	1.0000	1.0000	1.0072	0.9749
13_FEBRUARI_2019	0.6559	0.5725	0.9658	0.9575	0.9703	1.1364	1.0000	1.0000	1.0000	1.0000	1.0000	1.0000	1.0080	0.9756
14_FEBRUARI_2019	0.6554	0.5728	0.9657	0.9579	0.9706	1.1374	1.0000	1.0000	1.0000	1.0000	1.0000	1.0000	1.0087	0.9765
15_FEBRUARI_2019	0.6574	0.5736	0.9667	0.9593	0.9715	1.1381	1.0000	1.0000	1.0000	1.0000	1.0000	1.0000	1.0092	0.9762
18_FEBRUARI_2019	0.6560	0.5726	0.9658	0.9591	0.9704	1.1379	1.0000	1.0000	1.0000	1.0000	1.0000	1.0000	1.0086	0.9758
19_FEBRUARI_2019	0.6575	0.5736	0.9673	0.9606	0.9717	1.1387	1.0000	1.0000	1.0000	1.0000	1.0000	1.0000	1.0103	0.9794
20_FEBRUARI_2019	0.6613	0.5770	0.9709	0.9638	0.9764	1.1413	1.0000	1.0000	1.0000	1.0000	1.0000	1.0000	1.0120	0.9843
21_FEBRUARI_2019	0.6688	0.5822	0.9774	0.9701	0.9854	1.1449	1.0000	1.0000	1.0000	1.0000	1.0000	1.0000	1.0146	0.9931
22_FEBRUARI_2019	0.6704	0.5838	0.9797	0.9713	0.9885	1.1462	1.0000	1.0000	1.0000	1.0000	1.0000	1.0000	1.0156	0.9978
25_FEBRUARI_2019	0.6677	0.5819	0.9783	0.9692	0.9852	1.1453	1.0000	1.0000	1.0000	1.0000	1.0000	1.0000	1.0143	0.9911
26_FEBRUARI_2019	0.6678	0.5822	0.9786	0.9702	0.9852	1.1465	1.0000	1.0000	1.0000	1.0000	1.0000	1.0000	1.0142	0.9899
27_FEBRUARI_2019	0.6663	0.5809	0.9779	0.9680	0.9834	1.1457	1.0000	1.0000	1.0000	1.0000	1.0000	1.0000	1.0147	0.9895
28_FEBRUARI_2019	0.6642	0.5799	0.9761	0.9665	0.9813	1.1451	1.0000	1.0000	1.0000	1.0000	1.0000	1.0000	1.0145	0.9901
1_MAC_2019	0.6603	0.5772	0.9715	0.9636	0.9767	1.1435	1.0000	1.0000	1.0000	1.0000	1.0000	1.0000	1.0132	0.9846
4_MAC_2019	0.6586	0.5756	0.9696	0.9631	0.9732	1.1428	1.0000	1.0000	1.0000	1.0000	1.0000	1.0000	1.0131	0.9819
5_MAC_2019	0.6574	0.5750	0.9710	0.9628	0.9721	1.1429	1.0000	1.0000	1.0000	1.0000	1.0000	1.0000	1.0126	0.9817
6_MAC_2019	0.6571	0.5742	0.9702	0.9623	0.9713	1.1431	1.0000	1.0000	1.0000	1.0000	1.0000	1.0000	1.0123	0.9799
7_MAC_2019	0.6577	0.5748	0.9703	0.9628	0.9728	1.1437	1.0000	1.0000	1.0000	1.0000	1.0000	1.0000	1.0127	0.9811
28_MAC_2019
29_MAC_2019
1_APRIL_2019
2_APRIL_2019
3_APRIL_2019
4_APRIL_2019
5_APRIL_2019
8_APRIL_2019
9_APRIL_2019
10_APRIL_2019
11_APRIL_2019
12_APRIL_2019
15_APRIL_2019
16_APRIL_2019
17_APRIL_2019
18_APRIL_2019
19_APRIL_2019
22_APRIL_2019
23_APRIL_2019
24_APRIL_2019
25_APRIL_2019
26_APRIL_2019
29_APRIL_2019
30_APRIL_2019
1_MEI_2019
2_MEI_2019
3_MEI_2019
6_MEI_2019
7_MEI_2019
8_MEI_2019
9_MEI_2019
10_MEI_2019
13_MEI_2019
14_MEI_2019
15_MEI_2019
16_MEI_2019
17_MEI_2019
20_MEI_2019
21_MEI_2019
22_MEI_2019
23_MEI_2019
24_MEI_2019
27_MEI_2019
28_MEI_2019
29_MEI_2019
30_MEI_2019
31_MEI_2019
6_JUN_2019
7_JUN_2019
10_JUN_2019
11_JUN_2019
12_JUN_2019	0.6688	0.5758	0.9821	0.9243	0.9306	1.1093	1.0000	1.0000	1.0000	1.0000	1.0000	1.0000	1.0249	0.9773
13_JUN_2019	0.6690	0.5761	0.9824	0.9245	0.9311	1.1096	1.0000	1.0000	1.0000	1.0000	1.0000	1.0000	1.0246	0.9763
14_JUN_2019	0.6684	0.5753	0.9820	0.9255	0.9302	1.1093	1.0000	1.0000	1.0000	1.0000	1.0000	1.0000	1.0256	0.9780
17_JUN_2019	0.6670	0.5740	0.9818	0.9245	0.9270	1.1089	1.0000	1.0000	1.0000	1.0000	1.0000	1.0000	1.0250	0.9737
18_JUN_2019	0.6656	0.5737	0.9804	0.9236	0.9269	1.1089	1.0000	1.0000	1.0000	1.0000	1.0000	1.0000	1.0248	0.9726
19_JUN_2019	0.6689	0.5762	0.9849	0.9263	0.9313	1.1108	1.0000	1.0000	1.0000	1.0000	1.0000	1.0000	1.0244	0.9716
20_JUN_2019	0.6729	0.5795	0.9895	0.9292	0.9372	1.1137	1.0000	1.0000	1.0000	1.0000	1.0000	1.0000	1.0249	0.9736
21_JUN_2019	0.6775	0.5828	0.9930	0.9324	0.9418	1.1163	1.0000	1.0000	1.0000	1.0000	1.0000	1.0000	1.0262	0.9797
24_JUN_2019	0.6799	0.5854	0.9952	0.9356	0.9463	1.1180	1.0000	1.0000	1.0000	1.0000	1.0000	1.0000	1.0272	0.9836
25_JUN_2019	0.6780	0.5838	0.9936	0.9337	0.9432	1.1171	1.0000	1.0000	1.0000	1.0000	1.0000	1.0000	1.0272	0.9823
26_JUN_2019	0.6800	0.5846	0.9950	0.9341	0.9444	1.1178	1.0000	1.0000	1.0000	1.0000	1.0000	1.0000	1.0272	0.9836
27_JUN_2019	0.6784	Suspended	0.9933	0.9339	0.9428	1.1172	1.0000	1.0000	1.0000	Suspended	1.0000	1.0000	1.0275	0.9824
28_JUN_2019	0.6791	Suspended	0.9938	0.9342	0.9432	1.1174	1.0000	1.0000	1.0000	Suspended	1.0000	1.0000	1.0275	0.9813
1_JULAI_2019	0.6783	0.5555	0.9934	0.9343	0.9430	1.1177	1.0000	1.0000	1.0000	1.0000	1.0000	1.0000	1.0274	0.9807
2_JULAI_2019	0.6832	0.5594	0.9980	0.9374	0.9493	1.1206	1.0000	1.0000	1.0000	1.0000	1.0000	1.0000	1.0305	0.9902
3_JULAI_2019	0.6871	0.5622	1.0017	0.9403	0.9537	1.1237	1.0000	1.0000	1.0000	1.0000	1.0000	1.0000	1.0315	0.9936
4_JULAI_2019	0.6869	0.5616	1.0015	0.9404	0.9528	1.1238	1.0000	1.0000	1.0000	1.0000	1.0000	1.0000	1.0312	0.9921
5_JULAI_2019	0.6860	0.5615	1.0023	0.9409	0.9521	1.1245	1.0000	1.0000	1.0000	1.0000	1.0000	1.0000	1.0314	0.9911
9_JULAI_2019	0.6824	0.5595	0.9994	0.9383	0.9488	1.1236	1.0000	1.0000	1.0000	1.0000	1.0000	1.0000	1.0314	0.9873
10_JULAI_2019	0.6838	0.5607	1.0007	0.9393	0.9503	1.1238	1.0000	1.0000	1.0000	1.0000	1.0000	1.0000	1.0319	0.9890
11_JULAI_2019	0.6821	0.5602	0.9990	0.9387	0.9492	1.1236	1.0000	1.0000	1.0000	1.0000	1.0000	1.0000	1.0316	0.9872
12_JULAI_2019	0.6820	0.5606	0.9995	0.9401	0.9504	1.1250	1.0000	1.0000	1.0000	1.0000	1.0000	1.0000	1.0321	0.9874
15_JULAI_2019	0.6797	0.5579	0.9973	0.9377	0.9450	1.1233	1.0000	1.0000	1.0000	1.0000	1.0000	1.0000	1.0308	0.9832
16_JULAI_2019	0.6808	0.5592	0.9468	0.9986	0.9385	1.1243	1.0000	1.0000	1.0000	1.0000	1.0000	1.0000	1.0316	0.9850
17_JULAI_2019	0.6804	0.5586	0.9467	0.9976	0.9392	1.1244	1.0000	1.0000	1.0000	1.0000	1.0000	1.0000	1.0316	0.9849
18_JULAI_2019	0.6768	0.5558	0.9429	0.9944	0.9377	1.1221	1.0000	1.0000	1.0000	1.0000	1.0000	1.0000	1.0304	0.9794
19_JULAI_2019	0.6745	0.5540	0.9402	0.9919	0.9365	1.1205	1.0000	1.0000	1.0000	1.0000	1.0000	1.0000	1.0295	0.9753
22_JULAI_2019	0.6765	0.5556	0.9432	NA	NA	NA	NA	NA	NA	NA	NA	NA	NA	NA
23_JULAI_2019	0.6762	0.5551	0.9436	0.9949	0.9379	1.1219	1.0000	1.0000	1.0000	1.0000	1.0000	1.0000	1.0298	0.9781
24_JULAI_2019	0.6761	0.5553	0.9442	0.9957	0.9380	1.1230	1.0000	1.0000	1.0000	1.0000	1.0000	1.0000	1.0300	0.9794
25_JULAI_2019	0.6747	0.5545	0.9429	0.9942	0.9373	1.1229	1.0000	1.0000	1.0000	1.0000	1.0000	1.0000	1.0292	0.9776
26_JULAI_2019	0.6753	0.5549	0.9434	0.9947	0.9374	1.1238	1.0000	1.0000	1.0000	1.0000	1.0000	1.0000	1.0297	0.9782
29_JULAI_2019	0.6708	0.5524	0.9385	0.9914	0.9345	1.1224	1.0000	1.0000	1.0000	1.0000	1.0000	1.0000	1.0284	0.9736
30_JULAI_2019	NA	NA	NA	NA	NA	NA	NA	NA	NA	NA	NA	NA	NA	NA
31_JULAI_2019	0.6688	0.5515	0.9363	0.9906	0.9342	1.1228	1.0000	1.0000	1.0000	1.0000	1.0000	1.0000	1.0269	0.9689
1_OGOS_2019	0.6666	0.5495	0.9321	0.9888	0.9317	1.1211	1.0000	1.0000	1.0000	1.0000	1.0000	1.0000	1.0252	0.9644
2_OGOS_2019	0.6676	0.5504	0.9341	0.9895	0.9322	1.1220	1.0000	1.0000	1.0000	1.0000	1.0000	1.0000	1.0254	NA
5_OGOS_2019	0.6618	0.5467	0.9281	0.9846	0.9290	1.1188	1.0000	1.0000	1.0000	1.0000	1.0000	1.0000	1.0248	0.9598
6_OGOS_2019	0.6553	0.5416	0.9202	0.9790	0.9241	1.1151	1.0000	1.0000	1.0000	1.0000	1.0000	1.0000	1.0223	0.9497
7_OGOS_2019	0.6539	0.5402	0.9191	0.9764	0.9218	1.1136	1.0000	1.0000	1.0000	1.0000	1.0000	1.0000	1.0230	0.9526
8_OGOS_2019	0.6549	0.5413	0.9208	0.9786	0.9237	1.1156	1.0000	1.0000	1.0000	1.0000	1.0000	1.0000	1.0231	0.9522
9_OGOS_2019	0.6584	0.5442	0.9259	0.9828	0.9272	1.1182	1.0000	1.0000	1.0000	1.0000	1.0000	1.0000	1.0248	0.9559
12_OGOS_2019	NA	NA	NA	NA	NA	NA	NA	NA	NA	NA	NA	NA	NA	NA
13_OGOS_2019	0.6593	0.5454	0.9272	0.9846	0.9288	1.1208	1.0000	1.0000	1.0000	1.0000	1.0000	1.0000	1.0255	0.9576
14_OGOS_2019	0.6513	0.5399	0.9185	0.9782	0.9235	1.1162	1.0000	1.0000	1.0000	1.0000	1.0000	1.0000	1.0233	0.9474
15_OGOS_2019	0.6537	0.5427	0.9233	0.9812	0.9265	1.1184	1.0000	1.0000	1.0000	1.0000	1.0000	1.0000	1.0247	0.9521
16_OGOS_2019	0.6519	0.5401	0.9216	0.9789	0.9249	1.1168	1.0000	1.0000	1.0000	1.0000	1.0000	1.0000	1.0248	0.9493
19_OGOS_2019	0.6515	0.5406	0.9216	0.9800	0.9267	1.1196	1.0000	1.0000	1.0000	1.0000	1.0000	1.0000	1.0267	0.9506
20_OGOS_2019	0.6514	0.5407	0.9218	0.9799	0.9274	1.1201	1.0000	1.0000	1.0000	1.0000	1.0000	1.0000	1.0262	0.9503
21_OGOS_2019	0.6544	0.5426	0.9256	0.9821	0.9293	1.1222	1.0000	1.0000	1.0000	1.0000	1.0000	1.0000	NA	NA
22_OGOS_2019	0.6515	0.5410	0.9231	0.9807	0.9288	1.1208	1.0000	1.0000	1.0000	1.0000	1.0000	1.0000	1.0259	0.9543
23_OGOS_2019	0.6539	0.5426	0.9251	0.9828	0.9306	1.1220	1.0000	1.0000	1.0000	1.0000	1.0000	1.0000	1.0256	0.9526
26_OGOS_2019	0.6558	0.5438	0.9276	NA	NA	NA	NA	NA	NA	NA	NA	NA	NA	NA
27_OGOS_2019	0.6516	0.5401	0.9225	0.9802	0.9291	1.1187	1.0000	1.0000	1.0000	1.0000	1.0000	1.0000	1.0272	0.9568
28_OGOS_2019	0.6487	0.5396	0.9200	0.9783	0.9268	1.1190	1.0000	1.0000	1.0000	1.0000	1.0000	1.0000	1.0267	0.9501
29_OGOS_2019	0.6487	0.5403	0.9204	0.9794	0.9269	1.1194	1.0000	1.0000	1.0000	Suspended	1.0000	1.0000	1.0263	0.9503
30_OGOS_2019	0.6494	0.5407	0.9208	0.9791	0.9274	1.1203	1.0000	1.0000	1.0000	Suspended	1.0000	1.0000	1.0260	0.9496
3_SEPTEMBER_2019	0.6562	0.5453	0.9294	0.9859	0.9323	1.1246	1.0000	1.0000	1.0000	1.0000	1.0000	1.0000	1.0257	0.9475
4_SEPTEMBER_2019	0.6490	0.5407	0.9219	0.9770	0.9270	1.1210	1.0000	1.0000	1.0000	1.0000	1.0000	1.0000	1.0279	0.9539
5_SEPTEMBER_2019	0.6504	0.5415	0.9243	0.9788	0.9281	1.1220	1.0000	1.0000	1.0000	1.0000	1.0000	1.0000	1.0273	0.9492
6_SEPTEMBER_2019	0.6510	0.5412	0.9242	0.9775	0.9282	1.1225	1.0000	1.0000	1.0000	1.0000	1.0000	1.0000	1.0282	0.9520
9_SEPTEMBER_2019	NA	NA	NA	NA	NA	NA	NA	NA	NA	NA	NA	NA	NA	NA
10_SEPTEMBER_2019	0.6533	0.5425	0.9257	0.9803	0.9293	1.1241	1.0000	1.0000	1.0000	1.0000	1.0000	1.0000	1.0280	0.9541
11_SEPTEMBER_2019	0.6506	0.5399	0.9230	0.9738	0.9278	1.1222	1.0000	1.0000	1.0000	1.0000	1.0000	1.0000	1.0280	0.9554
12_SEPTEMBER_2019	0.6524	0.5402	0.9240	0.9745	0.9282	1.1228	1.0000	1.0000	1.0000	1.0000	1.0000	1.0000	1.0275	0.9558
13_SEPTEMBER_2019	0.6517	0.5403	0.9230	0.9747	0.9271	1.1233	1.0000	1.0000	1.0000	1.0000	1.0000	1.0000	1.0284	0.9577
16_SEPTEMBER_2019	NA	NA	NA	NA	NA	NA	NA	NA	NA	NA	NA	NA	NA	NA
17_SEPTEMBER_2019	0.6531	0.5410	0.9243	0.9759	0.9278	1.1243	1.0000	1.0000	1.0000	1.0000	1.0000	1.0000	1.0287	0.9586
18_SEPTEMBER_2019	0.6534	0.5409	0.9238	0.9766	0.9278	1.1248	1.0000	1.0000	1.0000	1.0000	1.0000	1.0000	1.0290	0.9603
19_SEPTEMBER_2019	0.6549	0.5423	0.9251	0.9775	0.9290	1.1255	1.0000	1.0000	1.0000	1.0000	1.0000	1.0000	1.0295	0.9612
20_SEPTEMBER_2019	0.6540	0.5417	0.9242	0.9766	0.9279	1.1253	1.0000	1.0000	1.0000	1.0000	1.0000	1.0000	1.0296	0.9625
23_SEPTEMBER_2019	0.6544	0.5426	0.9250	0.9764	0.9284	1.1253	1.0000	1.0000	1.0000	1.0000	1.0000	1.0000	1.0289	0.9631
24_SEPTEMBER_2019	0.6524	0.5406	0.9223	0.9739	0.9258	1.1226	1.0000	1.0000	1.0000	1.0000	1.0000	1.0000	1.0279	0.9645
25_SEPTEMBER_2019	0.6521	0.5403	0.9224	0.9740	0.9263	1.1216	1.0000	1.0000	1.0000	1.0000	1.0000	1.0000	1.0270	0.9621
26_SEPTEMBER_2019	0.6511	0.5393	0.9210	0.9732	0.9255	1.1209	1.0000	1.0000	1.0000	1.0000	1.0000	Suspended	1.0267	0.9624
27_SEPTEMBER_2019	0.6525	0.5408	0.9248	0.9761	0.9272	1.1232	1.0000	1.0000	1.0000	1.0000	1.0000	Suspended	1.0266	0.9614
30_SEPTEMBER_2019	0.6510	0.5394	0.9216	0.9754	0.9262	1.1231	1.0000	1.0000	1.0000	1.0000	1.0000	Suspended	1.0279	0.9647
1_OKTOBER_2019	0.6507	0.5385	0.9210	0.9747	0.9261	1.1218	1.0000	1.0000	1.0000	1.0000	1.0000	1.0000	1.0272	0.9619
2_OKTOBER_2019	0.6530	0.5404	0.9241	0.9768	0.9279	1.1237	1.0000	1.0000	1.0000	1.0000	1.0000	1.0000	0.9859	NA
3_OKTOBER_2019	0.6489	0.5373	0.9191	0.9737	0.9251	1.1216	1.0000	1.0000	1.0000	1.0000	1.0000	1.0000	0.9859	0.9236
4_OKTOBER_2019	0.6447	0.5338	0.9137	0.9699	0.9218	1.1190	1.0000	1.0000	1.0000	1.0000	1.0000	1.0000	0.9844	0.9240
7_OKTOBER_2019	0.6438	0.5330	0.9129	0.9702	0.9218	1.1195	1.0000	1.0000	1.0000	1.0000	1.0000	NA	0.9837	0.9204
8_OKTOBER_2019	0.6447	0.5345	0.9149	0.9710	0.9231	1.1212	1.0000	1.0000	1.0000	1.0000	1.0000	1.0000	0.9843	0.9219
9_OKTOBER_2019	0.6455	0.5349	0.9152	0.9707	0.9230	1.1211	1.0000	1.0000	1.0000	1.0000	1.0000	1.0000	0.9842	0.9229
10_OKTOBER_2019	0.6417	0.5317	0.9102	0.9671	0.9205	1.1179	1.0000	1.0000	1.0000	1.0000	1.0000	1.0000	0.9838	0.9228
11_OKTOBER_2019	0.6425	0.5327	0.9107	0.9682	0.9209	1.1188	1.0000	1.0000	1.0000	1.0000	1.0000	1.0000	0.9834	0.9194
15_OKTOBER_2019	0.6502	0.5383	0.9184	0.9752	0.9262	1.1246	1.0000	1.0000	1.0000	1.0000	1.0000	1.0000	0.9841	0.9236
16_OKTOBER_2019	0.6498	0.5381	0.9194	0.9758	0.9261	1.1250	1.0000	1.0000	1.0000	1.0000	1.0000	1.0000	0.9849	0.9258
17_OKTOBER_2019	0.6530	0.5406	0.9221	0.9783	0.9279	1.1278	1.0000	1.0000	1.0000	1.0000	1.0000	1.0000	0.9855	0.9292
18_OKTOBER_2019	0.6531	0.5406	0.9231	0.9788	0.9281	1.1282	1.0000	1.0000	1.0000	1.0000	1.0000	1.0000	0.9861	0.9298
21_OKTOBER_2019	0.6519	0.5401	0.9220	0.9780	0.9278	1.1274	1.0000	1.0000	1.0000	1.0000	1.0000	1.0000	0.9859	0.9285
22_OKTOBER_2019	0.6515	0.5390	0.9207	0.9774	0.9260	1.1261	1.0000	1.0000	1.0000	1.0000	1.0000	1.0000	0.9854	0.9287
23_OKTOBER_2019	0.6526	0.5399	0.9217	0.9768	0.9265	1.1267	1.0000	1.0000	1.0000	1.0000	1.0000	1.0000	0.9853	0.9291
24_OKTOBER_2019	0.6519	0.5383	0.9193	0.9760	0.9253	1.1255	1.0000	1.0000	1.0000	1.0000	1.0000	1.0000	0.9846	0.9278
25_OKTOBER_2019	0.6524	0.5388	0.9205	0.9760	0.9252	1.1259	1.0000	1.0000	1.0000	1.0000	1.0000	1.0000	0.9847	0.9282
28_OKTOBER_2019	NA	NA	NA	NA	NA	NA	NA	NA	NA	NA	NA	NA	NA	NA
29_OKTOBER_2019	0.6516	0.5383	0.9197	0.9761	0.9255	1.1260	1.0000	1.0000	1.0000	1.0000	1.0000	1.0000	0.9853	NA
30_OKTOBER_2019	0.6538	0.5400	0.9225	0.9779	0.9269	1.1283	1.0000	1.0000	1.0000	1.0000	1.0000	1.0000	0.9850	0.9262
31_OKTOBER_2019	0.6534	0.5403	0.9220	0.9778	0.9263	1.1286	1.0000	1.0000	1.0000	1.0000	1.0000	1.0000	0.9864	0.9285
1_NOVEMBER_2019	0.6582	0.5443	0.9286	0.9826	0.9296	1.1322	1.0000	1.0000	1.0000	1.0000	1.0000	1.0000	0.9868	0.9280
4_NOVEMBER_2019	0.6572	0.5433	0.9272	0.9815	0.9289	1.1315	1.0000	1.0000	1.0000	1.0000	1.0000	1.0000	0.9893	0.9349
5_NOVEMBER_2019	0.6610	0.5459	0.9323	0.9859	0.9315	1.1326	1.0000	1.0000	1.0000	1.0000	1.0000	NA	0.9886	0.9332
6_NOVEMBER_2019	0.6626	0.5467	0.9338	0.9870	0.9317	1.1329	1.0000	1.0000	1.0000	1.0000	1.0000	1.0000	0.9892	0.9371
7_NOVEMBER_2019	0.6612	0.5456	0.9320	0.9848	0.9309	1.1321	1.0000	1.0000	1.0000	1.0000	1.0000	1.0000	0.9888	0.9374
8_NOVEMBER_2019	0.6630	0.5468	0.9336	0.9861	0.9327	1.1330	1.0000	1.0000	1.0000	1.0000	1.0000	1.0000	0.9886	0.9361
11_NOVEMBER_2019	0.6651	0.5481	0.9360	0.9880	0.9340	1.1341	1.0000	1.0000	1.0000	1.0000	1.0000	1.0000	0.9894	0.9383
12_NOVEMBER_2019	0.6649	0.5481	0.9360	0.9884	0.9341	1.1351	1.0000	1.0000	1.0000	1.0000	1.0000	1.0000	0.9900	0.9413
13_NOVEMBER_2019	0.6649	0.5479	0.9355	0.9891	0.9343	1.1348	1.0000	1.0000	1.0000	1.0000	1.0000	1.0000	0.9897	0.9392
14_NOVEMBER_2019	0.6623	0.5459	0.9316	0.9870	0.9333	1.1340	1.0000	1.0000	1.0000	1.0000	1.0000	1.0000	0.9901	0.9383
15_NOVEMBER_2019	0.6607	0.5452	0.9301	0.9861	0.9327	1.1334	1.0000	1.0000	1.0000	1.0000	1.0000	1.0000	0.9893	0.9346
18_NOVEMBER_2019	0.6608	0.5454	0.9303	0.9865	0.9328	1.1337	1.0000	1.0000	1.0000	1.0000	1.0000	1.0000	0.9896	0.9344
19_NOVEMBER_2019	0.6646	0.5487	0.9347	0.9893	0.9357	1.1367	1.0000	1.0000	1.0000	1.0000	1.0000	1.0000	0.9903	0.9356
20_NOVEMBER_2019	0.6647	0.5487	0.9349	0.9898	0.9356	1.1368	1.0000	1.0000	1.0000	1.0000	1.0000	1.0000	0.9914	0.9389
21_NOVEMBER_2019	0.6645	0.5485	0.9342	0.9893	0.9357	1.1368	1.0000	1.0000	1.0000	1.0000	1.0000	1.0000	0.9920	0.9401
22_NOVEMBER_2019	0.6610	0.5463	0.9302	0.9869	0.9327	1.1352	1.0000	1.0000	1.0000	1.0000	1.0000	1.0000	0.9908	0.9378
26_NOVEMBER_2019	0.6605	0.5460	0.9296	0.9865	0.9336	1.1360	1.0000	1.0000	1.0000	1.0000	1.0000	1.0000	0.9902	0.9349
27_NOVEMBER_2019	0.6585	0.5452	0.9278	0.9853	0.9330	1.1363	1.0000	1.0000	1.0000	1.0000	1.0000	1.0000	0.9910	0.9345
28_NOVEMBER_2019	0.6576	0.5454	0.9283	0.9853	0.9334	1.1357	1.0000	1.0000	1.0000	1.0000	1.0000	1.0000	0.9907	0.9338
29_NOVEMBER_2019	0.6562	0.5447	0.9268	Suspended	0.9331	1.1352	1.0000	1.0000	1.0000	NA	1.0000	1.0000	0.9898	0.9321
2_DISEMBER_2019	0.6497	0.5402	0.9180	0.9365	0.9288	1.1323	1.0000	1.0000	1.0000	1.0000	NA	NA	0.9894	0.9299
3_DISEMBER_2019	0.6501	0.5428	0.9193	0.9375	0.9289	1.1327	1.0000	1.0000	1.0000	1.0000	1.0000	NA	0.9869	0.9216
4_DISEMBER_2019	0.6470	0.5382	0.9140	0.9346	0.9260	1.1298	1.0000	1.0000	NA	NA	NA	NA	0.9861	0.9209
5_DISEMBER_2019	0.6463	0.5380	0.9142	0.9337	0.9254	1.1295	1.0000	1.0000	1.0000	1.0000	1.0000	1.0000	0.9850	0.9178
6_DISEMBER_2019	0.6485	0.5391	0.9157	0.9357	0.9263	1.1307	1.0000	1.0000	1.0000	1.0000	1.0000	1.0000	0.9859	0.9199
9_DISEMBER_2019	0.6498	0.5401	0.9179	0.9374	0.9269	1.1307	1.0000	1.0000	1.0000	1.0000	1.0000	1.0000	0.9862	0.9204
10_DISEMBER_2019	0.6496	0.5401	0.9172	0.9372	0.9270	1.1318	1.0000	1.0000	1.0000	1.0000	1.0000	1.0000	0.9869	0.9218
11_DISEMBER_2019	0.6492	0.5393	0.9164	0.9368	0.9260	1.1311	1.0000	1.0000	1.0000	1.0000	1.0000	1.0000	0.9864	0.9203
12_DISEMBER_2019	0.6498	0.5402	0.9173	0.9374	0.9271	1.1320	1.0000	1.0000	1.0000	1.0000	1.0000	1.0000	NA	NA
13_DISEMBER_2019	0.6515	0.5406	0.9193	0.9392	0.9281	1.1325	1.0000	1.0000	NA	NA	NA	NA	0.9858	0.9188
16_DISEMBER_2019	0.6529	0.5422	0.9222	0.9421	0.9296	1.1344	1.0000	1.0000	1.0000	1.0000	1.0000	1.0000	0.9867	0.9185
17_DISEMBER_2019	0.6524	0.5413	0.9220	0.9420	0.9292	1.1338	1.0000	1.0000	1.0000	1.0000	1.0000	1.0000	0.9887	0.9239
18_DISEMBER_2019	Suspended	0.5441	0.9261	0.9436	0.9314	1.1356	Suspended	1.0000	1.0000	1.0000	NA	NA	0.9891	0.9238
19_DISEMBER_2019	Suspended	0.5496	0.9348	0.9480	0.9363	1.1398	NA	1.0000	1.0000	1.0000	1.0000	1.0000	0.9909	0.9284
20_DISEMBER_2019	Suspended	0.5482	0.9331	0.9477	0.9356	1.1380	Suspended	1.0000	1.0000	1.0000	1.0000	1.0000	0.9936	0.9353
24_DISEMBER_2019	Suspended	0.5523	0.9388	0.9522	0.9403	1.1422	Suspended	1.0000	1.0000	1.0000	1.0000	1.0000	0.9956	0.9369
25_DISEMBER_2019	NA	NA	NA	NA	NA	NA	NA	NA	NA	NA	NA	NA	NA	NA
26_DISEMBER_2019	Suspended	0.5505	0.9353	0.9502	0.9388	1.1412	Suspended	1.0000	1.0000	NA	NA	NA	0.9967	0.9394
27_DISEMBER_2019	Suspended	0.5506	0.9354	0.9503	0.9387	1.1414	Suspended	1.0000	1.0000	1.0000	1.0000	1.0000	0.9952	0.9351
30_DISEMBER_2019	Suspended	0.5527	0.9394	0.9535	0.9412	1.1434	Suspended	1.0000	1.0000	1.0000	1.0000	1.0000	0.9960	0.9359
31_DISEMBER_2019	Suspended	0.5553	0.9434	0.9568	0.9436	1.1453	Suspended	1.0000	1.0000	1.0000	1.0000	1.0000	0.9974	0.9404
1_JANUARI_2020	NA	NA	NA	NA	NA	NA	NA	NA	NA	NA	NA	NA	NA	NA
2_JANUARI_2020	0.6327	0.5487	0.9325	0.9501	0.9379	1.1406	1.0000	1.0000	1.0000	1.0000	1.0000	NA	0.9969	0.9421
3_JANUARI_2020	0.6354	0.5517	NA	0.9521	NA	NA	1.0000	NA	NA	NA	1.0000	1.0000	NA	NA
9_JANUARI_2020	0.6322	0.5482	0.9330	0.9501	0.9397	1.1425	1.0000	1.0000	1.0000	1.0000	1.0000	1.0000	0.9998	0.9409
14_JANUARI_2020	0.6325	0.5497	0.9344	0.9512	0.9419	1.1442	1.0000	1.0000	1.0000	1.0000	1.0000	1.0000	1.0000	0.9362
15_JANUARI_2020	0.6316	0.5490	0.9326	0.9493	0.9410	1.1443	1.0000	1.0000	1.0000	1.0000	1.0000	1.0000	0.9996	0.9350
17_JANUARI_2020	0.6329	0.5511	0.9341	0.9519	0.9422	1.1457	1.0000	1.0000	1.0000	1.0000	1.0000	1.0000	1.0000	0.9343
20_JANUARI_2020	0.6347	0.5531	0.9365	0.9540	0.9441	1.1476	1.0000	1.0000	1.0000	1.0000	1.0000	1.0000	0.9997	0.9350
21_JANUARI_2020	0.6333	0.5527	0.9350	0.9525	0.9432	1.1475	1.0000	1.0000	1.0000	1.0000	1.0000	1.0000	1.0005	0.9373
23_JANUARI_2020	0.6305	0.5502	0.9303	0.9482	0.9406	1.1470	1.0000	1.0000	1.0000	1.0000	1.0000	1.0000	1.0011	0.9380
24_JANUARI_2020	0.6306	0.5497	0.9306	0.9498	0.9421	1.1485	1.0000	1.0000	1.0000	1.0000	1.0000	1.0000	1.0016	0.9352
28_JANUARI_2020	0.6305	0.5489	0.9297	0.9488	0.9404	1.1482	1.0000	1.0000	1.0000	1.0000	1.0000	1.0000	1.0015	0.9344
30_JANUARI_2020	0.6228	0.5427	0.9184	0.9405	0.9335	1.1447	1.0000	1.0000	1.0000	1.0000	1.0000	1.0000	0.9975	0.9226
31_JANUARI_2020	0.6202	0.5405	0.9149	0.9377	0.9312	1.1426	1.0000	1.0000	1.0000	1.0000	1.0000	1.0000	0.9974	0.9226
3_FEBRUARI_2020	0.6130	0.5359	0.9084	0.9323	0.9247	1.1393	1.0000	1.0000	1.0000	1.0000	1.0000	1.0000	0.9960	0.9181
4_FEBRUARI_2020	0.6089	0.5319	0.9015	0.9281	0.9217	1.1369	1.0000	1.0000	1.0000	1.0000	1.0000	1.0000	0.9935	0.9117
5_FEBRUARI_2020	0.6139	0.5364	0.9084	0.9334	0.9271	1.1401	1.0000	1.0000	1.0000	1.0000	1.0000	1.0000	0.9930	0.9070
7_FEBRUARI_2020	0.6215	0.5437	0.9198	0.9418	0.9356	1.1473	1.0000	1.0000	1.0000	1.0000	1.0000	1.0000	0.9979	0.9162
10_FEBRUARI_2020	0.6232	0.5451	0.9231	0.9435	0.9377	1.1493	1.0000	1.0000	1.0000	1.0000	1.0000	1.0000	1.0020	0.9254
12_FEBRUARI_2020	0.6213	0.5438	0.9214	0.9420	0.9374	1.1498	1.0000	1.0000	1.0000	1.0000	1.0000	1.0000	1.0013	0.9210
13_FEBRUARI_2020	0.6204	0.5430	0.9191	0.9419	0.9378	1.1511	1.0000	1.0000	1.0000	1.0000	1.0000	1.0000	1.0034	0.9256
14_FEBRUARI_2020	0.6222	0.5451	0.9205	0.9451	0.9411	1.1549	1.0000	1.0000	1.0000	1.0000	1.0000	1.0000	1.0042	0.9252
17_FEBRUARI_2020	0.6230	0.5455	0.9230	0.9470	0.9421	1.1557	1.0000	1.0000	1.0000	1.0000	1.0000	1.0000	1.0048	0.9255
19_FEBRUARI_2020	0.6208	0.5439	0.9211	0.9456	0.9411	1.1557	1.0000	1.0000	1.0000	1.0000	1.0000	1.0000	1.0062	0.9248
24_FEBRUARI_2020	0.6185	0.5430	0.9195	0.9446	0.9401	1.1566	1.0000	1.0000	1.0000	1.0000	1.0000	1.0000	1.0072	0.9232
29_FEBRUARI_2020	NA	NA	NA	NA	NA	NA	NA	NA	NA	NA	NA	NA	NA	NA
2_MAC_2020	0.5921	0.5201	0.8860	0.9157	0.9137	1.1357	1.0000	1.0000	1.0000	1.0000	1.0000	1.0000	0.9913	0.8975
3_MAC_2020	0.5852	0.5153	0.8780	0.9081	0.9075	1.1315	1.0000	1.0000	1.0000	1.0000	1.0000	1.0000	0.9872	0.8847
4_MAC_2020	0.5896	0.5196	0.8853	0.9128	0.9131	1.1375	1.0000	1.0000	1.0000	1.0000	1.0000	1.0000	0.9885	0.8785
5_MAC_2020	0.5920	0.5205	0.8884	0.9141	0.9142	1.1380	1.0000	1.0000	1.0000	1.0000	1.0000	1.0000	0.9891	0.8818
6_MAC_2020	0.5945	0.5231	0.8924	0.9184	0.9182	1.1422	1.0000	1.0000	1.0000	1.0000	1.0000	1.0000	0.9947	0.8859
9_MAC_2020	0.5904	0.5197	0.8872	0.9140	0.9154	1.1391	1.0000	1.0000	1.0000	1.0000	1.0000	1.0000	0.9937	0.8874
10_MAC_2020	0.5659	0.5024	0.8603	0.8917	0.8947	1.1253	1.0000	1.0000	1.0000	1.0000	1.0000	1.0000	0.9909	0.8820
12_MAC_2020	0.5704	0.5056	0.8674	0.8960	0.8974	1.1267	1.0000	1.0000	1.0000	1.0000	1.0000	1.0000	0.9794	0.8480
25_MAC_2020	NA	NA	NA	NA	NA	NA	NA	NA	NA	NA	NA	NA	NA	NA
26_MAC_2020	NA	NA	NA	NA	NA	NA	NA	NA	NA	NA	NA	NA	NA	NA
27_MAC_2020	NA	NA	NA	NA	NA	NA	NA	NA	NA	NA	NA	NA	NA	NA
30_MAC_2020	NA	NA	NA	NA	NA	NA	NA	NA	NA	NA	NA	NA	NA	NA
1_APRIL_2020	NA	NA	NA	NA	NA	NA	NA	NA	NA	NA	NA	NA	NA	NA
3_APRIL_2020	NA	NA	NA	NA	NA	NA	NA	NA	NA	NA	NA	NA	NA	NA
4_APRIL_2020	NA	NA	NA	NA	NA	NA	NA	NA	NA	NA	NA	NA	NA	NA
6_APRIL_2020	NA	NA	NA	NA	NA	NA	NA	NA	NA	NA	NA	NA	NA	NA
10_APRIL_2020	NA	NA	NA	NA	NA	NA	NA	NA	NA	NA	NA	NA	NA	NA
11_APRIL_2020	NA	NA	NA	NA	NA	NA	NA	NA	NA	NA	NA	NA	NA	NA
13_APRIL_2020	NA	NA	NA	NA	NA	NA	NA	NA	NA	NA	NA	NA	NA	NA
14_APRIL_2020	NA	NA	NA	NA	NA	NA	NA	NA	NA	NA	NA	NA	NA	NA
16_APRIL_2020	NA	NA	NA	NA	NA	NA	NA	NA	NA	NA	NA	NA	NA	NA
17_APRIL_2020	NA	NA	NA	NA	NA	NA	NA	NA	NA	NA	NA	NA	NA	NA
21_APRIL_2020	NA	NA	NA	NA	NA	NA	NA	NA	NA	NA	NA	NA	NA	NA
23_APRIL_2020	NA	NA	NA	NA	NA	NA	NA	NA	NA	NA	NA	NA	NA	NA
24_APRIL_2020	NA	NA	NA	NA	NA	NA	NA	NA	NA	NA	NA	NA	NA	NA
25_APRIL_2020	NA	NA	NA	NA	NA	NA	NA	NA	NA	NA	NA	NA	NA	NA
27_APRIL_2020	NA	NA	NA	NA	NA	NA	NA	NA	NA	NA	NA	NA	NA	NA
28_APRIL_2020	NA	NA	NA	NA	NA	NA	NA	NA	NA	NA	NA	NA	NA	NA
29_APRIL_2020	NA	NA	NA	NA	NA	NA	NA	NA	NA	NA	NA	NA	NA	NA
1_MEI_2020	NA	NA	NA	NA	NA	NA	NA	NA	NA	NA	NA	NA	NA	NA
4_MEI_2020	NA	NA	NA	NA	NA	NA	NA	NA	NA	NA	NA	NA	NA	NA
5_MEI_2020	NA	NA	NA	NA	NA	NA	NA	NA	NA	NA	NA	NA	NA	NA
6_MEI_2020	NA	NA	NA	NA	NA	NA	NA	NA	NA	NA	NA	NA	NA	NA
7_MEI_2020	NA	NA	NA	NA	NA	NA	NA	NA	NA	NA	NA	NA	NA	NA
8_MEI_2020	NA	NA	NA	NA	NA	NA	NA	NA	NA	NA	NA	NA	NA	NA
9_MEI_2020	NA	NA	NA	NA	NA	NA	NA	NA	NA	NA	NA	NA	NA	NA
11_MEI_2020	NA	NA	NA	NA	NA	NA	NA	NA	NA	NA	NA	NA	NA	NA
12_MEI_2020	NA	NA	NA	NA	NA	NA	NA	NA	NA	NA	NA	NA	NA	NA
13_MEI_2020	NA	NA	NA	NA	NA	NA	NA	NA	NA	NA	NA	NA	NA	NA
15_MEI_2020	NA	NA	NA	NA	NA	NA	NA	NA	NA	NA	NA	NA	NA	NA
17_MEI_2020	NA	NA	NA	NA	NA	NA	NA	NA	NA	NA	NA	NA	NA	NA
18_MEI_2020	NA	NA	NA	NA	NA	NA	NA	NA	NA	NA	NA	NA	NA	NA
20_MEI_2020	NA	NA	NA	NA	NA	NA	NA	NA	NA	NA	NA	NA	NA	NA
21_MEI_2020	NA	NA	NA	NA	NA	NA	NA	NA	NA	NA	NA	NA	NA	NA
22_MEI_2020	NA	NA	NA	NA	NA	NA	NA	NA	NA	NA	NA	NA	NA	NA
23_MEI_2020	NA	NA	NA	NA	NA	NA	NA	NA	NA	NA	NA	NA	NA	NA
24_MEI_2020	NA	NA	NA	NA	NA	NA	NA	NA	NA	NA	NA	NA	NA	NA
29_MEI_2020	NA	NA	NA	NA	NA	NA	NA	NA	NA	NA	NA	NA	NA	NA
1_JUN_2020	NA	NA	NA	NA	NA	NA	NA	NA	NA	NA	NA	NA	NA	NA
2_JUN_2020	NA	NA	NA	NA	NA	NA	NA	NA	NA	NA	NA	NA	NA	NA
